Precision: 0.5854251012145749
Recall: 0.723
F1 Score: 0.646979865771812
