Precision: 0.5826446280991735
Recall: 0.517
F1 Score: 0.5478629459554928
