Precision: 0.7426125379729357
Recall: 0.8963333333333333
F1 Score: 0.8122640084579368
