Precision: 0.8564692012967875
Recall: 0.9686666666666667
F1 Score: 0.9091193492882841
