Precision: 0.8594855305466238
Recall: 0.891
F1 Score: 0.8749590834697218
