Precision: 0.6228554812445478
Recall: 0.714
F1 Score: 0.6653207019723559
