Precision: 0.5764904386951631
Recall: 0.6833333333333333
F1 Score: 0.6253813300793166
