Precision: 0.5322151224707136
Recall: 0.6663333333333333
F1 Score: 0.5917702782711664
