Precision: 0.5838365071992568
Recall: 0.419
F1 Score: 0.4878711430234814
