Precision: 0.5779137975006375
Recall: 0.7553333333333333
F1 Score: 0.6548186678225689
