Precision: 0.5865058424425179
Recall: 0.5186666666666667
F1 Score: 0.5505041570847338
