Precision: 0.522300036859565
Recall: 0.4723333333333333
F1 Score: 0.49606161386311914
