Precision: 0.7419614147909968
Recall: 0.923
F1 Score: 0.8226381461675579
