Precision: 0.8430804863925883
Recall: 0.9706666666666667
F1 Score: 0.9023861171366595
