Precision: 0.8473998294970162
Recall: 0.994
F1 Score: 0.9148642429820525