Precision: 0.8545977011494252
Recall: 0.9913333333333333
F1 Score: 0.9179012345679012
