Precision: 0.8490264921800191
Recall: 0.8866666666666667
F1 Score: 0.867438447741725
