Precision: 0.5659041394335512
Recall: 0.6926666666666667
F1 Score: 0.6229016786570744
