Precision: 0.6208489748772741
Recall: 0.7166666666666667
F1 Score: 0.6653257001392542
