Precision: 0.5849846497348591
Recall: 0.6986666666666667
F1 Score: 0.636791736290445
