Precision: 0.6429374297489696
Recall: 0.572
F1 Score: 0.6053977773857823