Precision: 0.6063037249283668
Recall: 0.7053333333333334
F1 Score: 0.6520801232665641
