Precision: 0.5422443107507193
Recall: 0.691
F1 Score: 0.6076505935805364
