Precision: 0.6204180551348076
Recall: 0.6826666666666666
F1 Score: 0.6500555467386129
